-1.54162374645
-0.578783551453
-0.157962653612
0.143333003773
2.17539200602
0.491421695831
1.1363124242
2.4336807471
0.520226967439
1.20057911391
0.110598417223
-0.0583699733605
-0.150684472956
-0.0138216557363
0.095876012672
1.09298798504
0.983323406799
1.18270105776
0.128486326475
0.0809547135171
0.933241319266
0.223016043208
0.193766374219
2.98059903182
0.394434593746
-1.92696065086
-0.91757218603
-14.9110805729
0.663654127145
-2.02186665869
-0.396575818595
-0.159436068198
-5.64171201357
-0.69498782347
0.94541007991
-1.90717645445
0.972821064373
0.224148065489
-0.610283221384
-0.990634532904
-0.44621099866
-12.5050698631
-3.1120433391
-0.947903322081
-1.45317215311
-0.796765164741
-1.53655364251
-1.61480313425
-4.42851262152
-1.30245344319
-0.858554581627
-0.76123917214
0.302254897711
5.1031158828
2.60273019228
0.019841173242
0.011376300321
0.000802790048222